@tasks 15
GT0 3 1 2 3
DT1 2 4 5
UT2 2 5 6
GT3 2 6 7
CDT4 1 8
CGT5 2 8 9
GT6 1 10
DT7 1 10
CGT8 1 11
UT9 1 12
GT10 2 12 13
CDT11 1 14
CGT12 1 14
DT13 1 14
GT14 0
@proc 5
100 1
150 1
250 0
300 0
500 0
@times
25 12 6 8 5
40 18 8 10 7
30 15 5 7 4
35 20 10 12 8
50 25 15 18 12
45 22 12 14 10
20 10 5 6 4
55 30 18 20 15
40 18 10 12 8
35 15 8 10 6
30 14 7 8 5
60 35 20 25 18
25 12 6 7 4
45 20 12 15 10
15 8 4 5 3
@cost
4 2 80 30 20
6 3 120 45 30
5 2 90 35 25
5 3 100 40 28
8 4 150 60 40
7 3 130 50 35
3 2 60 25 15
9 5 180 70 50
6 3 110 45 30
5 2 90 35 25
4 2 75 30 20
10 6 200 80 60
3 2 65 25 18
7 3 120 50 35
2 1 40 15 10
@comm 0